#nu (GHz) #Jy #Error
#Data from Prieto 2016 Table 1

2.42e26 1.6e-7 	0 	
2.42e18 1.8e-8 	2.3e-9 	
2.42e18 2.80e-8 3.6e-9 	
2.42e18 2.3e-8 	1.2e-8 
2.42e17 3.10e-7 0.09e-7 	
2.42e17 2.0e-7 	0.1e-7  
2.42e17 2.50e-7 1.25e-7 	
2.06e15 4.73e-5 0.47e-5 	
1.36e15 1.33e-4 0.04e-4 	 
1.27e15 1.05e-4 0.03e-4 	
1.11e15 1.55e-4 0.03e-4 	
8.93e14	2.16e-4 0.04e-4 	
8.93e14 2.10e-4 0.04e-4 	
6.32e14 4.13e-4 0.12e-4 	
4.99e14 6.33e-4 0.63e-4 	
3.70e14 9.5e-4 	1.9e-4 	 
3.32e14 1.38e-3 0.1e-4 	
2.47e14 2.06e-3 0.18e-3 	
1.81e14 3.1e-3 	0.8e-3 	
1.37e14 3.3e-3 	0.6e-3 
2.8e13 	1.67e-2 9.e-4 	
2.6e13 	1.3e-2 	2.e-3 	
635.0e9 0.43 	0.09 	
350.0e9 0.96 	0.02 
286.0e9 1.28 	0.02 
252.0e9 1.42 	0.02 
221.0e9 1.63 	0.03
108.0e9 1.91 	0.05 
93.7e9 	1.82 	0.06
22.0e9 	2.0 	0.1 
15.0e9 	2.7 	0.1 
8.4e9 	3.15 	0.16 
8.4e9 	3.02 	0.02
5.0e9 	3.10 	0.06
