#nu (GHz) #Jy #Error

#Falcke 1998
235.6 2.8 0.9
152.3 2.9	0.25
151. 2.9	0.21
150. 3.1	0.4
106.3 2.4	0.35
95.0 2.1	0.23
95. 2.0	0.4
93. 1.9	0.5
43.3 1.4	0.14
22.5 1.1	0.05
14.9 1.03	0.03
8.45 0.72	0.01
4.85 0.64	0.01
1.64 0.55	0.03
1.44 0.53	0.02
1.36 0.53	0.02

#An 2005
0.333	0.22	0.06
0.638	0.45	0.10
1.153	0.52	0.09
1.303	0.52	0.06
1.50	0.62	0.06
1.763	0.63	0.05
4.996	0.66	0.04
8.328	0.69	0.03
14.99	0.92	0.06
23.06	1.06	0.06
42.8	1.6	0.2

#Doeleman 2008
230 2.4 0.25

#Johnson 2015
#TODO -- add these points

#Bower 2015
#(GHz)	(Jy)	err(Jy)	
1.6	0.592	0.028
3.1	0.702	0.032
5.4	0.870	0.118
9.0	0.932	0.129
14.0	1.075	0.135
21.1	1.164	0.052
32.0	1.382	0.087
40.9	1.485	0.073
218.0	3.667	0.650
220.0	3.661	0.652	
231.9	3.676	0.664
233.8	3.704	0.680
341.6	3.602	0.866
343.6	3.609	0.870
351.7	3.595	0.884
353.6	3.553	0.860
216.8	3.677	0.762
223.9	3.391	0.489
238.2	3.310	0.424
266.8	3.369	0.096
274.0	3.526	0.697
331.1	3.205	1.074
338.3	3.436	0.863
352.6	4.890	0.721

#Liu 2016 a&b
492     3.6 0.72
92.995	2.35  0.16
94.932	2.37  0.16
104.995	2.54  0.17
106.995	2.62  0.18
253.750	4.17  0.17
342.979	4.26  0.24
486.150	3.60  0.72
691.537	2.68  0.54
708.860	3.21  0.64
685.237 2.65  0.53
708.860	3.99  0.79


